4 4
1 2 10
2 3 10
1 4 20
4 2 30
4 3
1 20
1 3

4 4 
1 2 10
2 3 12
3 4 -5
4 1 -5
2 4
5 10
1 4

4 4 
1 2 10
2 3 12
3 4 -5
4 1 -5
2 4
-10 10
1 4

4 4 
1 2 10
2 3 12
3 4 -5
4 1 15
2 4
-40 -30
1 4

4 4
1 2 10
2 3 10
1 4 20
4 2 30
4 3
-50 50
1 3

5 6
1 2 1
2 3 2
3 5 1
3 4 2
4 5 5
1 4 3
4 2
-10 5
1 5

Online-1:
5 5 10
10 10 20 12 13
1 2 9
1 3 8
2 3 1
2 4 11
3 4 7
1 4

4 4 8
10 12 11 13
1 2 5
1 3 11
2 4 12
3 4 7
1 4

5 5 10
1 10 2 12 13
1 2 9
1 3 8
2 3 1
2 4 11
3 4 7
1 4

5 5 10
1 10 2 12 13
1 2 9
1 3 8
2 3 1
2 4 1
3 4 7
1 4

4 5 9
5 3 6 2
1 2 1
2 3 3
1 3 5
3 4 1
1 4 6
1 4